166
2 28 496
2 35 493
2 93 491
2 97 489
2 190 488
2 196 487
2 197 485
2 252 483
2 286 481
2 333 480
2 369 479
2 420 478
2 423 477
2 441 476
2 12 4
2 33 9
2 47 77
2 165 42
2 300 94
2 326 62
2 482 37
2 1 112
2 14 359
2 21 160
2 256 32
2 279 36
2 299 56
2 306 69
2 315 144
2 322 203
2 330 295
2 421 46
2 454 468
2 7 34
2 17 225
2 86 353
2 154 19
2 189 0
2 212 463
2 334 193
2 352 20
2 358 60
2 414 311
2 492 162
2 11 141
2 64 371
3 72 71 118
3 73 123 74
2 120 219
2 156 231
2 158 213
3 170 177 57
2 182 147
2 266 108
3 301 472 67
2 319 329
2 337 350
2 410 298
2 443 240
2 462 52
3 484 23 39
2 495 175
3 38 324 87
3 48 486 88
3 111 5 103
3 113 65 41
2 155 166
3 210 439 43
3 221 18 44
3 234 264 142
3 261 405 30
3 310 117 490
2 376 452
3 434 263 136
3 448 159 54
3 451 360 143
3 475 218 66
3 15 419 412
4 61 8 79 110
3 181 356 25
3 187 433 95
3 199 277 115
3 208 236 186
4 249 149 172 49
4 258 273 85 133
3 271 31 294
3 288 385 217
4 292 99 27 130
4 320 3 92 131
4 367 201 59 126
4 387 6 45 169
3 396 24 429
3 409 139 362
3 430 455 411
4 445 89 114 238
3 473 498 121
4 499 302 124 53
4 10 163 394 173
4 13 105 80 198
4 55 180 185 188
4 90 91 276 257
4 192 235 364 145
4 214 328 345 168
4 230 242 100 116
4 268 424 474 98
4 278 283 119 135
4 336 442 16 397
4 348 384 81 179
4 351 400 106 161
4 375 449 152 178
4 388 422 104 204
4 391 407 107 259
4 392 437 50 128
4 399 467 274 216
4 403 444 40 282
4 427 76 138 289
4 431 26 109 125
4 438 148 153 200
4 447 78 207 247
4 459 129 226 137
4 497 101 280 183
4 22 164 245 254
4 29 195 251 307
4 70 237 269 363
4 132 267 285 347
4 151 284 332 184
4 174 304 339 102
4 233 341 373 206
4 244 361 372 401
4 325 365 378 134
4 377 395 453 2
4 379 460 51 140
4 390 58 63 157
4 425 68 75 167
4 432 82 83 202
4 446 84 122 176
4 450 127 209 215
4 461 96 220 222
4 494 211 223 228
4 146 150 227 232
4 171 224 239 241
4 191 229 243 248
4 194 250 253 260
4 205 262 265 270
4 246 272 275 290
4 255 281 291 293
4 287 296 297 303
4 305 308 313 314
3 309 316 317
3 312 318 321
3 323 327 331
3 335 338 340
3 342 343 344
3 346 349 355
3 354 357 366
3 368 370 374
3 380 381 383
3 382 386 389
3 393 398 402
3 404 406 408
3 413 415 416
3 417 418 426
3 428 435 436
3 440 456 457
3 458 464 465
3 466 469 470
